   0.0000000e+00   0.0000000e+00   0.0000000e+00   0.0000000e+00   0.0000000e+00   0.0000000e+00
  -1.4606607e-03   1.9067816e-02  -1.5482817e-02  -2.2549742e-04  -6.9375731e-04   3.3839339e-04
  -7.1306866e-03   2.0956356e-02  -3.6546330e-02   1.5884889e-04  -2.0732628e-03  -1.7697550e-03
  -8.4259146e-03   3.4044491e-02  -1.9844116e-02  -3.9371744e-04  -3.0754989e-03  -3.7827610e-03
  -1.9836376e-02   3.8915506e-02  -1.5070512e-02  -4.8150514e-04  -1.8111400e-03  -2.4315642e-03
   5.8085759e-04   3.3287562e-02  -2.0333678e-02  -1.7156061e-04  -2.1213325e-03  -2.3300055e-03
   3.9264202e-03   3.9057846e-02  -3.4998113e-03  -1.4332699e-04  -3.2091421e-03  -2.8350810e-03
   1.2619813e-02   1.6148903e-02  -1.5378438e-02  -2.4890637e-04  -3.3065728e-03  -3.4882404e-03
  -9.5397906e-04   2.4513342e-02  -4.2013126e-02  -3.1959830e-04  -3.1056927e-03  -3.0019926e-03
   1.2146657e-02   3.3058911e-02  -2.4717755e-02   1.7205261e-04  -1.5463362e-03  -5.8734665e-04
   1.8042567e-02   3.2403710e-02  -2.9644836e-02   4.4641005e-04  -1.8089828e-03  -1.1472841e-03
   6.2715377e-03   1.8299027e-02  -3.3644635e-02   9.9731535e-04  -1.6385268e-03  -1.0626604e-03
  -1.7368946e-03   3.8304689e-02  -2.8597080e-02  -2.9152939e-04  -2.5732635e-03  -1.1513068e-03
   1.2839303e-02   2.5395095e-02  -2.2582084e-02  -8.3553119e-05  -2.3646559e-03  -2.0026102e-03
   3.0700612e-02   4.0633452e-02  -3.9227652e-02   2.7105074e-04  -2.2965139e-03  -1.5494394e-03
  -3.6209079e-02   1.3954770e-03   4.1481631e-04   1.3912052e-03  -3.7655701e-03  -3.9457250e-03
   1.5729675e-02  -3.8023583e-03  -2.7685193e-02   7.8586969e-04  -4.1137004e-03  -4.1915747e-03
   1.6790674e-03   4.3393553e-02  -5.2287493e-02  -9.7796454e-05  -2.8457800e-03  -3.6401550e-03
  -6.7611113e-02   3.6470317e-02   1.7469718e-02   1.3291286e-03  -4.7126674e-04  -2.1845376e-03
  -6.7768216e-03   3.9296504e-02  -3.3165903e-02   3.4860783e-04  -1.9159357e-03  -1.0106048e-03
   1.0069164e-03   2.2619476e-02  -3.6600621e-02   7.0894554e-04  -1.4670305e-03  -1.8701029e-03
  -3.0821152e-02   2.9897863e-02   8.6065735e-03  -7.4342386e-05  -7.0353059e-04  -2.1464305e-03
   1.7531272e-02   2.6792466e-02  -4.3382595e-02   7.3876623e-04  -2.3828786e-03  -2.4177437e-03
  -8.0768353e-03   4.5501271e-02  -3.4051683e-02   2.9858135e-04  -1.1091992e-03  -1.4553194e-03
  -1.1498711e-02   2.7608960e-02   1.4786000e-03  -3.9269058e-05  -1.4622020e-03  -1.6639034e-03
  -3.2050585e-02   4.7479326e-02  -7.3000897e-03  -3.5668329e-04  -1.5330500e-03  -1.1198839e-03
   1.3475004e-02   2.4376940e-02  -2.8033934e-02   7.4241194e-04  -1.8743343e-03  -1.7094066e-03
  -1.5284488e-02   2.8184137e-02  -9.0907708e-03  -8.0494299e-04  -1.6372023e-03  -1.4879772e-03
   8.9139918e-03   4.3940686e-02  -2.5528959e-02  -8.2004248e-04  -3.8159625e-03  -4.2446311e-03
  -8.1056731e-03   4.0728844e-02  -3.2471355e-02  -7.1702619e-04  -3.0716411e-03  -2.5170460e-03
  -6.9538215e-03   1.5256563e-02  -3.5356854e-02   1.7025767e-03  -4.1790756e-03  -3.4508612e-03
  -9.2379235e-03   2.8271616e-02  -2.8267966e-02   1.5700048e-03  -2.2211094e-03  -2.3632233e-03
  -4.2254837e-02   3.5658336e-02   2.5551858e-02   1.6517218e-03  -1.8322189e-03  -2.6234095e-03
  -4.4849854e-03   4.1965278e-02  -2.1578519e-02   1.4435547e-03  -4.0867277e-03  -3.6727288e-03
   1.5101784e-02   2.2429803e-02  -1.8673900e-02   6.0586927e-04  -2.3732021e-03  -2.7886800e-03
   2.5488902e-04   3.6249035e-02  -1.7265569e-02  -7.6597408e-04  -2.7172714e-03  -2.6408507e-03
   8.5630222e-03   6.0596378e-04  -2.7068468e-02   1.3961170e-03  -2.5083263e-03  -2.1049876e-03
   2.1423279e-02   1.3660783e-02  -3.7441665e-02   9.8524283e-04  -3.2513375e-03  -2.5631458e-03
   1.6439124e-03   3.7986488e-02  -2.9205239e-02  -1.0058825e-04  -2.8934196e-03  -1.9040507e-03
  -9.8973127e-04   2.3646757e-02  -3.2357823e-02  -1.1454858e-05  -3.6651161e-03  -3.8355880e-03
  -1.7431017e-03   2.2902185e-03  -2.0776497e-02   5.8294218e-04  -2.4057630e-03  -2.4692317e-03
   9.8764149e-03   5.0897876e-03  -4.3488334e-02   6.4565703e-04  -2.6577473e-03  -2.3229674e-03
   2.2619356e-02   1.5735950e-02  -1.9052456e-02   2.0918439e-04  -2.4050462e-03  -2.7427214e-03
   2.5699469e-03   1.5351147e-02  -3.0875775e-02   1.0767285e-03  -3.8113098e-03  -3.3555167e-03
  -1.9137736e-02   4.2998238e-02  -2.8400697e-02   8.9221494e-04  -2.7046835e-03  -2.1640917e-03
   1.4979900e-02   2.7056824e-02  -2.0658073e-02   4.3376308e-04  -3.0406291e-03  -3.5265971e-03
  -1.5796365e-02   3.8167957e-02  -3.2873310e-02   1.4135749e-03  -2.9697884e-03  -2.1998091e-03
   1.5908997e-02   2.1882261e-02  -1.1574149e-02   1.2055903e-03  -3.7942416e-03  -3.8276865e-03
  -1.1957831e-02   2.7341606e-02  -6.4216823e-03   5.0125090e-04  -4.2697456e-03  -5.1491503e-03
   1.0744458e-02   6.0221515e-03  -8.5245358e-03   1.6087572e-03  -2.6248843e-03  -2.6627130e-03
  -1.9380280e-03   1.4485367e-02  -1.0791542e-02   7.2711754e-04  -3.1587014e-03  -2.9155926e-03
  -7.4298793e-03   1.6632880e-02  -4.1368254e-02   1.1715905e-03  -3.3922828e-03  -4.5703190e-03
   2.0540247e-02   1.1959925e-02  -2.0693352e-02   1.3408354e-03  -3.2390653e-03  -4.6402406e-03
  -1.3212556e-02   1.5337143e-02  -2.2588652e-02   1.3247322e-03  -3.9308898e-03  -5.4565513e-03
   2.6218186e-03   9.1090652e-03  -1.0969714e-03   4.3104431e-04  -4.0287021e-03  -3.7200410e-03
  -1.5723972e-02   2.0662041e-02  -1.7439637e-02   1.0648535e-03  -4.4675203e-03  -3.6350022e-03
  -1.0864404e-02   2.6124948e-02  -1.3349231e-02   7.8048562e-04  -2.4497488e-03  -2.7282493e-03
   3.2725595e-04   2.0839514e-02  -2.9918960e-02   9.8598169e-04  -2.9979295e-03  -3.1929229e-03
  -4.4390324e-02   2.1443970e-02  -2.0427181e-02   3.7687222e-04  -3.6062440e-03  -5.0554302e-03
  -3.2717561e-03  -6.9319375e-04  -3.0086215e-02   1.6048677e-03  -3.7918974e-03  -3.6553858e-03
  -2.0579112e-02   6.5733494e-03  -1.8231803e-02   1.1986400e-03  -3.8127425e-03  -3.3005637e-03
  -3.4431699e-02  -2.8989479e-04  -2.8361751e-02   1.0799470e-03  -4.1061160e-03  -4.8135673e-03
  -5.2741187e-02   1.8594004e-02  -2.9296265e-02   4.4412533e-04  -4.9044452e-03  -4.8555089e-03
  -5.7560095e-03   1.2996703e-02  -2.0837695e-02   1.2549512e-03  -3.7115585e-03  -4.0490981e-03
  -2.9944064e-02   8.4306374e-03  -2.5984203e-02   1.3206770e-03  -5.3806414e-03  -5.2793239e-03
  -1.8495969e-02   4.2398466e-03  -3.7523672e-02   1.8896027e-03  -4.1257507e-03  -5.6826161e-03
  -3.0350036e-02   7.6214673e-03  -2.1985596e-02   1.3232903e-03  -4.6413167e-03  -4.6937532e-03
  -3.6226899e-03   1.0049136e-02  -6.2817198e-03   4.0676261e-04  -4.4724201e-03  -5.0524871e-03
  -6.9687230e-03  -6.6849133e-03  -2.0469336e-02   1.8751294e-03  -3.4531273e-03  -4.4936861e-03
  -1.4683698e-02   4.4832153e-03  -3.6300786e-02   1.3708469e-03  -5.0481681e-03  -5.8091618e-03
  -2.4774702e-02  -1.2350070e-02  -3.1980832e-02   1.1030122e-03  -4.1322160e-03  -5.2258885e-03
  -5.0570922e-03   3.4329640e-03  -3.3525499e-02   5.1635067e-04  -3.9402851e-03  -4.3450991e-03
  -1.3060605e-02   3.2728338e-03  -9.0744373e-03   1.3536833e-03  -4.6814898e-03  -4.7884010e-03
  -2.8655245e-02  -1.7699340e-03  -2.1014859e-02   5.5785823e-03  -5.4806945e-03  -5.7883959e-03
  -2.7986350e-02  -2.9043156e-02  -2.9938162e-02   1.3651677e-03  -4.6983291e-03  -5.2576346e-03
  -2.4136199e-02  -9.4888619e-03  -3.3035320e-02   1.7051620e-03  -4.7730175e-03  -4.9140899e-03
  -3.8902894e-02   9.3815029e-04  -1.5143618e-02   1.1481222e-03  -4.6680775e-03  -5.1278758e-03
  -3.9645504e-02  -6.6594569e-03  -2.2954123e-02   2.2885378e-03  -4.8511460e-03  -5.2750198e-03
  -4.5768019e-02  -3.9174045e-02  -1.4517765e-02   2.1747216e-03  -4.8858435e-03  -5.1400124e-03
  -1.4612655e-02   6.9229914e-04  -4.0819872e-02   2.1870292e-03  -4.4324411e-03  -4.5687752e-03
  -3.5491941e-02  -2.1784587e-02  -2.8950146e-02   1.8037001e-03  -5.0835792e-03  -6.1401085e-03
  -5.4986981e-02  -3.4193256e-02  -1.4017370e-02   1.5144528e-03  -5.6819259e-03  -6.4481404e-03
  -3.3793991e-02  -3.1482002e-03  -2.0351912e-02   1.0746629e-03  -5.2402232e-03  -5.5482032e-03
  -4.1004436e-02  -1.6352210e-02  -2.2500928e-02   1.5127456e-03  -4.6106309e-03  -4.7784872e-03
  -3.2352780e-02  -1.1767521e-02  -1.6141808e-02   2.0957950e-03  -4.9523755e-03  -4.8835019e-03
  -1.8374275e-02  -5.8542087e-03  -2.3769048e-02   2.0024442e-03  -4.7222468e-03  -4.9302257e-03
  -4.8969761e-02  -2.0887647e-02  -1.7202539e-02   1.2708279e-03  -5.5299767e-03  -5.1411600e-03
  -5.8851816e-02  -5.4034959e-03  -2.0995707e-02   1.7986818e-03  -6.1342791e-03  -5.7706442e-03
  -5.6888810e-02   5.6461421e-03  -2.3183901e-02   1.8964463e-03  -5.0317296e-03  -4.5233493e-03
  -4.9183105e-02  -6.3721260e-03  -1.8631841e-02   1.5864399e-03  -5.6479348e-03  -5.7280545e-03
  -6.8228932e-02   6.4485429e-03  -3.0172277e-02   1.0001644e-03  -5.0635640e-03  -4.2623768e-03
  -3.2595995e-02  -2.9701889e-04  -1.9431629e-02   1.5796983e-03  -5.0751267e-03  -4.0016665e-03
  -4.0011959e-02  -1.7502022e-02   2.0439439e-03   1.7286590e-03  -5.4312726e-03  -5.7501330e-03
  -2.9518172e-02  -1.7032040e-02  -7.4167006e-03   1.2088054e-03  -4.5527995e-03  -4.2258975e-03
  -3.0357643e-02  -3.2140550e-02  -3.7582380e-03   1.9125909e-03  -4.9237665e-03  -5.2223806e-03
  -6.9955469e-02  -3.1741825e-02  -3.4734981e-02   1.5420191e-03  -4.7523233e-03  -4.2945697e-03
  -7.1898830e-02  -2.3800727e-02  -1.4499454e-02   1.8814051e-03  -5.9559948e-03  -5.7110903e-03
  -2.0444018e-02  -1.6128386e-02  -1.1382785e-02   2.0221444e-03  -4.9825998e-03  -4.7236855e-03
  -9.4388945e-02  -3.3921203e-02  -7.7812366e-03   2.0237769e-03  -5.6544788e-03  -4.7700216e-03
  -5.1620744e-02  -3.3405387e-02  -3.1947339e-03   1.9059093e-03  -5.4200211e-03  -4.6134094e-03
  -7.5682987e-02  -2.5486030e-02  -8.7079938e-03   1.2363840e-03  -5.7265082e-03  -5.3272206e-03
  -6.2428767e-02  -2.8499950e-02  -1.9789510e-02   2.0009554e-03  -5.1296486e-03  -4.2995132e-03
  -7.1489204e-03   8.3439168e-03  -3.5859448e-02   2.0313188e-03  -4.3603369e-03  -3.7816664e-03
  -4.5815022e-02   2.0176539e-03  -1.0323279e-02   1.7678056e-03  -5.5892657e-03  -5.5094020e-03
  -6.9882299e-02  -3.2536042e-02   1.4314218e-03   2.0088221e-03  -5.8847421e-03  -5.5603741e-03
  -6.3338065e-02  -3.1506250e-02   1.0581958e-02   2.2763239e-03  -5.3900938e-03  -4.7340249e-03
  -6.1962287e-02  -3.5055126e-02  -4.7552282e-03   2.4653371e-03  -6.0324777e-03  -6.0635605e-03
  -8.2551593e-02  -4.3263371e-02   8.6441248e-03   1.6952074e-03  -5.3670832e-03  -5.6215194e-03
  -5.1056132e-02  -4.0729190e-02   2.1090070e-03   1.9828269e-03  -5.9048406e-03  -5.5849404e-03
  -7.6319186e-02  -3.0225337e-02   8.2227613e-03   2.3738065e-03  -5.9648767e-03  -5.9406932e-03
  -3.2842122e-02  -1.9303093e-02   2.4316842e-03   1.1337319e-03  -5.5493902e-03  -5.4086843e-03
  -4.4610231e-02  -2.3068218e-02  -2.2409550e-02   2.1774801e-03  -5.6721900e-03  -5.2681123e-03
  -8.0215853e-02  -1.5711804e-02  -1.1146300e-02   1.6603865e-03  -5.9886367e-03  -5.8770696e-03
  -6.1621907e-02  -2.3554913e-02  -6.5150494e-04   1.8545420e-03  -6.0514646e-03  -6.5883433e-03
  -6.1363238e-02  -3.2712928e-02  -1.0913680e-02   1.4123791e-03  -5.9372911e-03  -5.7256532e-03
  -5.0637910e-02  -3.7733512e-02  -1.6566458e-02   2.2167701e-03  -6.3843822e-03  -5.9502808e-03
  -4.1703245e-02  -2.8507880e-02  -5.8822577e-03   1.9023333e-03  -6.0170044e-03  -6.5175485e-03
  -7.0717218e-02  -4.9485436e-03  -4.4025558e-03   1.8807883e-03  -6.1735868e-03  -5.8169681e-03
  -3.7227309e-02  -6.9519497e-04  -1.0261431e-02   2.1148816e-03  -5.8372224e-03  -5.9552542e-03
  -3.5194347e-02  -1.8722084e-02  -7.5345607e-03   1.5707218e-03  -5.5321855e-03  -5.6178774e-03
  -4.6620325e-02   7.1404485e-03  -9.2439998e-03   1.1348549e-03  -5.5667625e-03  -4.7623752e-03
