   0.0000000e+00   0.0000000e+00   0.0000000e+00   0.0000000e+00   0.0000000e+00   0.0000000e+00
  -1.2738997e+00   1.5762826e+00  -1.6259826e+00   6.2963986e-02  -7.3526985e-03  -3.2732427e-02
  -1.2574217e+00   1.7965281e+00  -5.1383945e-01   6.2685833e-02  -5.1944510e-03  -3.2044617e-02
  -1.2279667e+00   1.7184511e+00  -8.8323888e-01   6.2307862e-02  -5.4363145e-03  -3.1766549e-02
  -1.2314776e+00   1.7226004e+00  -6.1356047e-01   6.2353438e-02  -5.0909747e-03  -3.1722992e-02
  -1.2518476e+00   1.6943466e+00  -7.9289915e-01   6.1803348e-02  -5.8696661e-03  -3.1250342e-02
  -1.2705566e+00   1.7205881e+00  -6.5232099e-01   6.2338529e-02  -5.5414361e-03  -3.1164959e-02
  -1.2855200e+00   1.6790286e+00  -7.7346898e-01   6.1830639e-02  -6.0860836e-03  -3.1088654e-02
  -1.3076452e+00   1.7143551e+00  -6.7472646e-01   6.2428317e-02  -6.1886837e-03  -3.1065152e-02
  -1.3153010e+00   1.6764906e+00  -7.7118929e-01   6.1924140e-02  -6.3895184e-03  -3.1189161e-02
  -1.3092705e+00   1.6758526e+00  -7.0314146e-01   6.2175481e-02  -6.1727067e-03  -3.1367002e-02
  -1.3111278e+00   1.6766895e+00  -7.6168535e-01   6.1587275e-02  -6.4603015e-03  -3.1217829e-02
  -1.3001574e+00   1.7539056e+00  -7.5836515e-01   6.2572436e-02  -5.9437226e-03  -3.0925463e-02
  -1.2547917e+00   1.6277014e+00  -7.4505563e-01   6.1700760e-02  -5.5579441e-03  -3.0723441e-02
  -1.2344703e+00   1.6931523e+00  -6.7491326e-01   6.2077732e-02  -5.0949430e-03  -3.0488688e-02
  -1.2209931e+00   1.6937587e+00  -6.9360280e-01   6.2776138e-02  -4.8961023e-03  -3.0376493e-02
  -1.2459774e+00   1.6881343e+00  -6.9911349e-01   6.2512852e-02  -4.9033915e-03  -3.0183281e-02
  -1.2634532e+00   1.7263155e+00  -7.0647108e-01   6.2888311e-02  -5.2851092e-03  -3.0232513e-02
  -1.2927686e+00   1.7743978e+00  -7.5366062e-01   6.3214374e-02  -5.4813964e-03  -3.0404090e-02
  -1.3019741e+00   1.7797054e+00  -7.9317974e-01   6.3859476e-02  -5.4864642e-03  -3.0390055e-02
  -1.3398749e+00   1.8199510e+00  -8.1375793e-01   6.4687354e-02  -6.0273819e-03  -3.0474163e-02
  -1.3064252e+00   1.7998982e+00  -7.9922536e-01   6.4755399e-02  -5.5742236e-03  -3.0428783e-02
  -1.2862266e+00   1.7528781e+00  -6.8317080e-01   6.3184480e-02  -5.3562401e-03  -3.0712672e-02
  -1.0872173e+00   1.2802688e+00  -5.8263562e-01   6.1165715e-02  -1.7436706e-03  -3.0851500e-02
  -9.2403178e-01   1.1257226e+00  -4.7256816e-01   5.8101398e-02   1.7030910e-03  -3.1520226e-02
  -9.1748437e-01   1.6383075e+00  -6.5949554e-01   6.0955335e-02   1.1123194e-04  -2.9266658e-02
  -7.9348329e-01   1.6384479e+00  -5.7882772e-01   6.1589325e-02   1.5366880e-03  -2.8384257e-02
  -8.4795182e-01   1.7569170e+00  -6.6693671e-01   6.1945658e-02   3.9161670e-04  -2.8409803e-02
  -8.6656650e-01   1.8633336e+00  -6.6982623e-01   6.1221999e-02  -1.6005349e-03  -2.7192919e-02
  -8.7829919e-01   1.8706006e+00  -7.4471069e-01   6.0585481e-02  -2.0449119e-03  -2.6145949e-02
  -8.8863617e-01   1.8952303e+00  -7.6453838e-01   6.1454968e-02  -2.3852217e-03  -2.6390844e-02
  -1.0054575e+00   1.8180181e+00  -8.1947692e-01   6.0973003e-02  -2.9508048e-03  -2.7915557e-02
  -1.0162590e+00   1.7934006e+00  -8.6031782e-01   6.0464085e-02  -3.2917384e-03  -2.8281590e-02
  -1.0579310e+00   1.7732482e+00  -6.8254221e-01   5.9865308e-02  -3.3586511e-03  -2.9433503e-02
  -8.6640875e-01   1.3620709e+00  -3.3966436e-01   5.3631651e-02   5.5283026e-04  -2.9275475e-02
  -8.2324692e-01   1.2607795e+00  -3.5382481e-01   5.0098424e-02   1.1338921e-03  -2.7969722e-02
  -8.9388123e-01   1.5450563e+00  -4.3897470e-01   5.4069521e-02  -3.4908263e-04  -2.7671005e-02
  -8.7676174e-01   1.4414658e+00  -3.9969664e-01   5.4298573e-02  -4.1892275e-04  -2.7478600e-02
  -8.7330510e-01   1.4871625e+00  -3.6206574e-01   5.3763549e-02  -1.1604026e-04  -2.7372328e-02
  -8.5711503e-01   1.5183269e+00  -3.9742000e-01   5.4831055e-02   7.0088412e-05  -2.7028915e-02
  -8.8071320e-01   1.5258174e+00  -3.1803843e-01   5.5479665e-02  -3.7687750e-04  -2.7045376e-02
  -8.9304319e-01   1.5041348e+00  -3.8465184e-01   5.5385624e-02  -1.6205438e-04  -2.6873269e-02
  -8.8649001e-01   1.5096953e+00  -3.5057624e-01   5.5085478e-02   7.3951242e-05  -2.6559699e-02
  -8.9714661e-01   1.5233052e+00  -3.7116549e-01   5.5047703e-02  -7.2523358e-05  -2.6125603e-02
  -8.9170504e-01   1.5349175e+00  -3.4554534e-01   5.4916809e-02  -2.2990583e-05  -2.5910766e-02
  -9.1410805e-01   1.5728633e+00  -3.6164873e-01   5.5265951e-02  -4.9211546e-04  -2.5923960e-02
  -8.9854246e-01   1.5554189e+00  -3.1171460e-01   5.5770090e-02  -5.0313562e-05  -2.5894304e-02
  -8.7827031e-01   1.4808138e+00  -3.2065029e-01   5.5125382e-02   4.3938148e-04  -2.5695786e-02
  -8.4459324e-01   1.4500417e+00  -2.8450086e-01   5.4400027e-02   1.0708598e-03  -2.5654040e-02
  -8.4941073e-01   1.4179194e+00  -2.9278909e-01   5.3639840e-02   9.5757640e-04  -2.5544149e-02
  -8.6238780e-01   1.4487514e+00  -2.6994726e-01   5.3766757e-02   8.5700208e-04  -2.5470251e-02
  -8.7272549e-01   1.4513749e+00  -2.5531060e-01   5.4174529e-02   6.3405839e-04  -2.5661554e-02
  -9.1439539e-01   1.4497496e+00  -2.5604008e-01   5.3682251e-02   7.4696133e-04  -2.5883177e-02
  -9.5396362e-01   1.5260112e+00  -3.1660043e-01   5.5077713e-02  -7.3739482e-05  -2.5520468e-02
  -9.6472200e-01   1.5916336e+00  -4.4571790e-01   5.6935926e-02  -2.1081472e-04  -2.5295840e-02
  -9.5611703e-01   1.6523506e+00  -5.5280664e-01   5.8323648e-02  -1.1118065e-04  -2.5093635e-02
  -1.0383135e+00   1.6984558e+00  -6.5021168e-01   5.9720608e-02  -1.0266979e-03  -2.5904663e-02
  -1.0234511e+00   1.7152061e+00  -7.6171614e-01   6.0789103e-02  -1.2233829e-03  -2.5624795e-02
  -1.0611965e+00   1.6897347e+00  -6.6228830e-01   5.9635683e-02  -1.1725390e-03  -2.7224920e-02
  -1.1279951e+00   1.7502902e+00  -8.2282750e-01   6.0949808e-02  -2.0319546e-03  -2.7663779e-02
  -1.0821673e+00   1.6696442e+00  -7.3579941e-01   6.1618915e-02  -1.0654964e-03  -2.7255249e-02
  -1.0578179e+00   1.6179227e+00  -7.7618258e-01   6.1032480e-02  -1.1395902e-03  -2.6602680e-02
  -9.1110344e-01   1.1323258e+00  -4.8895952e-01   5.7477098e-02   8.8634802e-04  -2.7350002e-02
  -7.2377529e-01   1.0801891e+00  -4.0680615e-01   5.4685007e-02   3.8066278e-03  -2.7951142e-02
  -8.3813390e-01   1.7446077e+00  -6.0388730e-01   5.7000063e-02   1.2530446e-03  -2.7314356e-02
  -8.0759435e-01   1.9161824e+00  -6.0281702e-01   5.7629147e-02   1.7160069e-03  -2.6818272e-02
  -8.0911587e-01   1.9020818e+00  -6.5661651e-01   5.7059448e-02   1.4204371e-03  -2.6565562e-02
  -8.0714174e-01   1.9364338e+00  -6.7512414e-01   5.7025892e-02   1.3122007e-03  -2.6293497e-02
  -8.4216677e-01   1.9436994e+00  -7.2116238e-01   5.7531036e-02   6.0256552e-04  -2.6283660e-02
  -8.3695458e-01   1.8964678e+00  -6.4405261e-01   5.6800304e-02   4.1311654e-04  -2.6353917e-02
  -8.0025946e-01   1.8054841e+00  -5.3171189e-01   5.4818920e-02   3.3666982e-04  -2.6617115e-02
  -8.0721707e-01   1.7892278e+00  -5.5483123e-01   5.5797434e-02   2.0249527e-04  -2.6515241e-02
  -7.5013162e-01   1.8097212e+00  -5.6196857e-01   5.6267931e-02   1.1123452e-03  -2.5599752e-02
  -7.4796741e-01   1.8498755e+00  -6.3283914e-01   5.7308686e-02   1.3814968e-03  -2.5826987e-02
  -6.9842709e-01   1.7418277e+00  -5.8256412e-01   5.6952414e-02   2.0380399e-03  -2.4674689e-02
  -7.0036231e-01   1.7013730e+00  -5.8515916e-01   5.5436794e-02   2.0351982e-03  -2.4668193e-02
  -7.0900074e-01   1.7248490e+00  -5.5636684e-01   5.5679747e-02   1.7642169e-03  -2.4394503e-02
  -7.2376544e-01   1.7719315e+00  -5.6716952e-01   5.6340073e-02   1.7236769e-03  -2.4112041e-02
  -7.3046497e-01   1.7761038e+00  -5.5443282e-01   5.6156985e-02   1.7469459e-03  -2.3819429e-02
  -7.3842742e-01   1.7957760e+00  -5.4446143e-01   5.6343127e-02   1.7986487e-03  -2.3671113e-02
  -7.2596905e-01   1.7775235e+00  -5.1424032e-01   5.6238212e-02   2.0598932e-03  -2.3357565e-02
  -7.1422352e-01   1.7722982e+00  -5.0642792e-01   5.6097220e-02   2.2647502e-03  -2.3519833e-02
  -6.9780408e-01   1.7017741e+00  -4.7400434e-01   5.5222041e-02   2.4048710e-03  -2.3583350e-02
  -7.1395599e-01   1.7133315e+00  -4.7195087e-01   5.5707418e-02   1.9809415e-03  -2.3832648e-02
  -7.0939158e-01   1.7430428e+00  -4.3451098e-01   5.5976449e-02   2.1145957e-03  -2.3316381e-02
  -6.9833057e-01   1.7536922e+00  -4.3762995e-01   5.5738695e-02   2.3846520e-03  -2.2994837e-02
  -7.1125039e-01   1.7670907e+00  -3.9836530e-01   5.5640802e-02   2.2879830e-03  -2.3083645e-02
  -6.9472659e-01   1.6849773e+00  -3.8860508e-01   5.4731915e-02   2.6544115e-03  -2.3076331e-02
  -7.4747488e-01   1.6867656e+00  -3.4599876e-01   5.4337826e-02   2.3185251e-03  -2.3384783e-02
  -7.6842146e-01   1.7444522e+00  -3.6451693e-01   5.4828784e-02   2.1262372e-03  -2.3391607e-02
  -7.9887014e-01   1.7786734e+00  -4.0421521e-01   5.4916662e-02   1.8032107e-03  -2.3559216e-02
  -7.6868244e-01   1.7816195e+00  -4.3312877e-01   5.5660149e-02   1.9669205e-03  -2.3248842e-02
  -7.4368958e-01   1.7948200e+00  -4.4328918e-01   5.6075942e-02   2.1031064e-03  -2.2969525e-02
  -6.7921104e-01   1.7423173e+00  -4.3501195e-01   5.5879697e-02   3.0966700e-03  -2.2306071e-02
  -5.4707150e-01   1.6900428e+00  -4.1728838e-01   5.4145970e-02   5.1657758e-03  -2.0857270e-02
  -5.3536806e-01   1.7144372e+00  -4.3724016e-01   5.4298892e-02   4.8857611e-03  -2.1203274e-02
  -5.2516679e-01   1.7994530e+00  -4.3037206e-01   5.5187370e-02   4.3991555e-03  -2.0520993e-02
  -5.6163293e-01   1.7663111e+00  -4.7705034e-01   5.6352693e-02   4.6704765e-03  -2.1373930e-02
  -5.7164276e-01   1.7081352e+00  -5.0362506e-01   5.5829110e-02   4.4199876e-03  -2.1469858e-02
  -6.1413511e-01   1.8443271e+00  -5.4492011e-01   5.7214318e-02   3.4429475e-03  -2.0960767e-02
  -6.4526289e-01   1.8763526e+00  -5.3546065e-01   5.6743340e-02   2.7021527e-03  -2.1332913e-02
  -6.4171229e-01   1.8931757e+00  -5.4952833e-01   5.7366195e-02   2.9324940e-03  -2.1532565e-02
  -6.7667119e-01   1.8960595e+00  -5.3319200e-01   5.7291715e-02   2.2037790e-03  -2.1613599e-02
  -6.6872275e-01   1.7984344e+00  -5.5716320e-01   5.7371536e-02   2.8794806e-03  -2.2165225e-02
  -7.3599174e-01   1.8728725e+00  -5.8795500e-01   5.6321365e-02   1.6744390e-03  -2.2334875e-02
  -7.0343599e-01   1.8267449e+00  -4.8026431e-01   5.7844638e-02   2.6569788e-03  -2.2862027e-02
  -3.2762226e-01   4.4023344e-01   5.9959090e-02   4.5400717e-02   7.7350313e-03  -2.1857357e-02
  -4.5515196e-01   1.1720425e+00  -6.5608938e-02   4.5869544e-02   6.1254367e-03  -2.0798428e-02
  -3.8593751e-01   1.4865689e+00  -2.4463286e-01   4.8594676e-02   6.9114872e-03  -2.0471735e-02
  -3.0919807e-01   1.4480583e+00  -2.2299397e-01   4.7159736e-02   7.6606258e-03  -1.9598509e-02
  -2.8034609e-01   1.4775484e+00  -2.8245080e-01   4.7980637e-02   8.0293456e-03  -1.8964530e-02
  -2.9827590e-01   1.4608393e+00  -2.9139414e-01   4.7688464e-02   7.6101007e-03  -1.8849416e-02
  -3.1727258e-01   1.4154699e+00  -3.2082679e-01   4.7594517e-02   7.2928094e-03  -1.9034628e-02
  -3.3880441e-01   1.4347138e+00  -3.6853626e-01   4.7422040e-02   7.0978933e-03  -1.9237470e-02
  -3.2039917e-01   1.3841414e+00  -3.9804967e-01   4.7229165e-02   7.1453786e-03  -1.9109955e-02
  -3.4318547e-01   1.4388341e+00  -4.0982414e-01   4.7312761e-02   6.8910688e-03  -1.8722206e-02
  -3.4105322e-01   1.4320255e+00  -4.5123997e-01   4.7843448e-02   6.9095072e-03  -1.9053304e-02
  -3.3699983e-01   1.4068819e+00  -4.4059595e-01   4.7033313e-02   6.8506633e-03  -1.9633253e-02
  -2.9385440e-01   1.4124285e+00  -4.4171561e-01   4.7065898e-02   7.1146765e-03  -1.9209099e-02
  -2.9932971e-01   1.4369194e+00  -4.2563189e-01   4.6873248e-02   6.8282334e-03  -1.9184130e-02
  -2.8049024e-01   1.3918339e+00  -4.2915523e-01   4.6747798e-02   7.0456407e-03  -1.9218864e-02
  -2.4893310e-01   1.2927497e+00  -3.9272572e-01   4.5360342e-02   7.2098830e-03  -1.9053452e-02
  -2.3711782e-01   1.3090473e+00  -3.8874985e-01   4.5588365e-02   7.3431496e-03  -1.9203459e-02
  -2.6377219e-01   1.3625759e+00  -4.1825408e-01   4.6330402e-02   7.4716197e-03  -1.9313641e-02
  -2.8202478e-01   1.3966275e+00  -4.2222275e-01   4.6791343e-02   7.2572585e-03  -1.9196259e-02
  -3.0510907e-01   1.4242280e+00  -4.3007293e-01   4.7029037e-02   7.2479054e-03  -1.9327387e-02
  -3.4649043e-01   1.4786689e+00  -4.7700207e-01   4.8339729e-02   6.8616337e-03  -1.9347115e-02
  -3.2582918e-01   1.4948053e+00  -4.9182506e-01   4.8734681e-02   7.3638931e-03  -1.9056917e-02
  -3.2958733e-01   1.5569704e+00  -5.8748525e-01   5.0624003e-02   7.5834902e-03  -1.8850412e-02
  -3.6298423e-01   1.6094919e+00  -6.1123807e-01   5.1518405e-02   7.4048823e-03  -1.9136426e-02
  -3.1254466e-01   1.5404972e+00  -6.0430772e-01   5.1138448e-02   7.8138703e-03  -1.9201400e-02
  -3.0874377e-01   1.5191289e+00  -5.9743849e-01   5.0976883e-02   7.6860233e-03  -1.9346682e-02
  -3.1807064e-01   1.5237869e+00  -5.9907430e-01   5.1324747e-02   7.3935435e-03  -1.9310526e-02
  -3.3671317e-01   1.5266879e+00  -5.8336024e-01   5.1116701e-02   7.3748161e-03  -1.9632159e-02
  -2.9873990e-01   1.5986976e+00  -6.3406336e-01   5.1973400e-02   7.9029440e-03  -1.8983943e-02
  -2.7593303e-01   1.6245660e+00  -6.2986700e-01   5.1813598e-02   7.7204846e-03  -1.8718939e-02
  -3.0164924e-01   1.5618057e+00  -6.1657877e-01   5.1585161e-02   7.1363977e-03  -1.8570051e-02
  -2.9894238e-01   1.5544452e+00  -5.9736019e-01   5.0891465e-02   7.0164914e-03  -1.9214055e-02
  -3.5616371e-01   1.5482490e+00  -6.2668084e-01   5.1434128e-02   7.3230295e-03  -1.9994536e-02
  -3.9048267e-01   1.5895285e+00  -6.6666293e-01   5.1917084e-02   7.3838311e-03  -1.9939468e-02
  -3.8991556e-01   1.5599303e+00  -6.5987402e-01   5.2090169e-02   7.4655166e-03  -1.9649612e-02
  -3.5499428e-01   1.5093165e+00  -6.3862212e-01   5.0823370e-02   7.5424720e-03  -1.9700107e-02
  -3.6549980e-01   1.6264138e+00  -6.2160375e-01   5.0979303e-02   7.7520191e-03  -1.9583700e-02
  -2.7338060e-01   1.4280672e+00  -5.4659359e-01   4.9367442e-02   8.2754223e-03  -1.9163003e-02
  -2.6926148e-01   1.4154350e+00  -4.9668564e-01   4.8766641e-02   7.9472437e-03  -1.9038000e-02
  -3.0368617e-01   1.4572654e+00  -5.2318597e-01   4.9835201e-02   7.6343932e-03  -1.9072454e-02
  -3.1661943e-01   1.4686308e+00  -5.2473053e-01   4.9717362e-02   7.5732886e-03  -1.8857249e-02
  -3.3250863e-01   1.4807961e+00  -5.3478316e-01   4.9843671e-02   7.4438049e-03  -1.9193106e-02
  -3.4049648e-01   1.4350953e+00  -5.2876011e-01   4.9455529e-02   7.4189273e-03  -1.9116027e-02
  -3.4217863e-01   1.4453510e+00  -5.1891631e-01   4.9316348e-02   7.3599164e-03  -1.9108093e-02
  -3.4809068e-01   1.4628680e+00  -5.1419302e-01   4.9350558e-02   7.2857185e-03  -1.9085527e-02
  -3.5987249e-01   1.4713935e+00  -4.9966378e-01   4.9446058e-02   7.3287640e-03  -1.8712814e-02
  -3.6560494e-01   1.4664213e+00  -5.0048223e-01   4.9331962e-02   7.2735106e-03  -1.8470429e-02
  -3.1330206e-01   1.4215130e+00  -4.6586126e-01   4.8143195e-02   7.6587106e-03  -1.7984207e-02
  -2.1891453e-01   1.2580633e+00  -4.1017221e-01   4.5874767e-02   8.8076743e-03  -1.7090373e-02
  -2.2746496e-01   1.0674525e+00  -2.8326646e-01   4.3448059e-02   7.9804517e-03  -1.7147324e-02
  -2.7864528e-01   1.2492708e+00  -2.9014641e-01   4.4271486e-02   7.5251658e-03  -1.7703658e-02
  -2.5580771e-01   1.2796324e+00  -3.0571839e-01   4.4869950e-02   7.8092580e-03  -1.7618769e-02
  -2.5034690e-01   1.2062338e+00  -2.7187865e-01   4.3913751e-02   8.1427760e-03  -1.7122174e-02
  -2.9640624e-01   1.3094829e+00  -2.9094537e-01   4.5130241e-02   7.6582960e-03  -1.7729351e-02
  -3.5070025e-01   1.3457115e+00  -2.6905844e-01   4.5183548e-02   7.3612140e-03  -1.7981545e-02
  -3.7088265e-01   1.3841564e+00  -3.2117749e-01   4.5782751e-02   7.2252937e-03  -1.8212939e-02
  -3.9496266e-01   1.5132935e+00  -3.8883022e-01   4.7628463e-02   7.0543039e-03  -1.7921609e-02
  -3.9159914e-01   1.4716201e+00  -4.5905480e-01   4.8782779e-02   7.3316526e-03  -1.7984137e-02
  -3.7881011e-01   1.4473929e+00  -4.4105078e-01   4.8140811e-02   7.3100812e-03  -1.7978710e-02
  -3.2254602e-01   1.4811151e+00  -4.8295836e-01   4.9151025e-02   7.7879410e-03  -1.7436791e-02
  -2.8999367e-01   1.5361670e+00  -5.3650662e-01   5.0225672e-02   8.2177090e-03  -1.7698048e-02
  -2.3862121e-01   1.4558831e+00  -5.1224128e-01   4.9210531e-02   8.6614753e-03  -1.7102048e-02
  -2.4591944e-01   1.4857920e+00  -5.4325401e-01   4.9974955e-02   8.8137926e-03  -1.7050512e-02
  -2.3683406e-01   1.5080213e+00  -5.4240251e-01   5.0559680e-02   8.8163307e-03  -1.6986169e-02
  -2.1452942e-01   1.4412721e+00  -5.1370757e-01   4.9856272e-02   8.9201916e-03  -1.6788303e-02
  -2.0978513e-01   1.4640525e+00  -5.1867305e-01   4.9796182e-02   8.7367276e-03  -1.6639655e-02
  -2.3462427e-01   1.4840786e+00  -5.3675718e-01   4.9769114e-02   8.4159129e-03  -1.6610954e-02
  -2.7918981e-01   1.4887269e+00  -5.2321160e-01   4.9533424e-02   8.0684091e-03  -1.7575426e-02
  -3.4243212e-01   1.5103479e+00  -5.2204204e-01   4.9721455e-02   7.9170289e-03  -1.8190182e-02
  -3.4181704e-01   1.5292593e+00  -5.2751233e-01   5.0337480e-02   7.8027089e-03  -1.7906243e-02
  -3.6338736e-01   1.5180412e+00  -5.1578588e-01   5.0011731e-02   7.7647708e-03  -1.7752623e-02
  -3.9011706e-01   1.4751105e+00  -5.1394320e-01   4.9881816e-02   7.9232554e-03  -1.8648452e-02
  -3.1022362e-01   1.2884908e+00  -4.4174293e-01   4.7822376e-02   7.8189462e-03  -1.8320367e-02
  -3.5628070e-01   1.4823389e+00  -4.5758055e-01   4.8825573e-02   7.7640708e-03  -1.8675139e-02
  -3.2576450e-01   1.4173153e+00  -4.4552585e-01   4.9041060e-02   7.9364710e-03  -1.8733008e-02
  -2.7524196e-01   1.3920413e+00  -4.0239075e-01   4.8151919e-02   8.6108201e-03  -1.8166438e-02
  -2.5441888e-01   1.3725764e+00  -3.9480482e-01   4.7603416e-02   8.7490761e-03  -1.7713429e-02
  -3.5527356e-01   1.4516615e+00  -4.5245716e-01   4.8996404e-02   8.0825051e-03  -1.8177810e-02
